7.750000000000000222e-01 7.750000000000000222e-01 7.750000000000000222e-01 1.000000000000000000e+00
7.750000000000000222e-01 7.750000000000000222e-01 7.750000000000000222e-01 1.000000000000000000e+00
7.750000000000000222e-01 7.750000000000000222e-01 7.750000000000000222e-01 1.000000000000000000e+00
7.750000000000000222e-01 7.750000000000000222e-01 7.750000000000000222e-01 1.000000000000000000e+00
7.750000000000000222e-01 7.750000000000000222e-01 7.750000000000000222e-01 1.000000000000000000e+00
7.750000000000000222e-01 7.750000000000000222e-01 7.750000000000000222e-01 1.000000000000000000e+00
7.750000000000000222e-01 7.750000000000000222e-01 7.750000000000000222e-01 1.000000000000000000e+00
7.750000000000000222e-01 7.750000000000000222e-01 7.750000000000000222e-01 1.000000000000000000e+00
7.750000000000000222e-01 7.750000000000000222e-01 7.750000000000000222e-01 1.000000000000000000e+00
7.750000000000000222e-01 7.750000000000000222e-01 7.750000000000000222e-01 1.000000000000000000e+00
3.994974874371859386e-01 1.572140429672507778e-01 9.968862904477931997e-01 1.000000000000000000e+00
3.894472361809044880e-01 1.727843854740995500e-01 9.962328222710067349e-01 1.000000000000000000e+00
3.793969849246231485e-01 1.883116664897178660e-01 9.955172826011059461e-01 1.000000000000000000e+00
3.693467336683416979e-01 2.037920162901521171e-01 9.947397160206569167e-01 1.000000000000000000e+00
3.592964824120603029e-01 2.192215768476913351e-01 9.939001709768877646e-01 1.000000000000000000e+00
3.492462311557789079e-01 2.345965027923687385e-01 9.929986997786696135e-01 1.000000000000000000e+00
3.391959798994974573e-01 2.499129623703083558e-01 9.920353585932577545e-01 1.000000000000000000e+00
3.291457286432161178e-01 2.651671383986786146e-01 9.910102074427921126e-01 1.000000000000000000e+00
3.190954773869346672e-01 2.803552292170144455e-01 9.899233102005571272e-01 1.000000000000000000e+00
3.090452261306532722e-01 2.954734496346700379e-01 9.887747345870026017e-01 1.000000000000000000e+00
2.989949748743718771e-01 3.105180318741688206e-01 9.875645521655237458e-01 1.000000000000000000e+00
2.889447236180904266e-01 3.254852265102117226e-01 9.862928383380027419e-01 1.000000000000000000e+00
2.788944723618090316e-01 3.403713034041128682e-01 9.849596723401105036e-01 1.000000000000000000e+00
2.688442211055276365e-01 3.551725526334283956e-01 9.835651372363699574e-01 1.000000000000000000e+00
2.587939698492462415e-01 3.698852854165468051e-01 9.821093199149804054e-01 1.000000000000000000e+00
2.487437185929648464e-01 3.845058350320108009e-01 9.805923110824040778e-01 1.000000000000000000e+00
2.386934673366833959e-01 3.990305577323409736e-01 9.790142052577145426e-01 1.000000000000000000e+00
2.286432160804020008e-01 4.134558336521340638e-01 9.773751007667071944e-01 1.000000000000000000e+00
2.185929648241206058e-01 4.277780677102095974e-01 9.756750997357735988e-01 1.000000000000000000e+00
2.085427135678392108e-01 4.419936905055790732e-01 9.739143080855378054e-01 1.000000000000000000e+00
1.984924623115577602e-01 4.560991592070159917e-01 9.720928355242569596e-01 1.000000000000000000e+00
1.884422110552763652e-01 4.700909584360030147e-01 9.702107955409862150e-01 1.000000000000000000e+00
1.783919597989949701e-01 4.839656011428387083e-01 9.682683053985071675e-01 1.000000000000000000e+00
1.683417085427135751e-01 4.977196294756830452e-01 9.662654861260218109e-01 1.000000000000000000e+00
1.582914572864321801e-01 5.113496156423266159e-01 9.642024625116116798e-01 1.000000000000000000e+00
1.482412060301507295e-01 5.248521627644683329e-01 9.620793630944628472e-01 1.000000000000000000e+00
1.381909547738693345e-01 5.382239057242885760e-01 9.598963201568569970e-01 1.000000000000000000e+00
1.281407035175879394e-01 5.514615120031074458e-01 9.576534697159295728e-01 1.000000000000000000e+00
1.180904522613065444e-01 5.645616825119180726e-01 9.553509515151947795e-01 1.000000000000000000e+00
1.080402010050250938e-01 5.775211524135885899e-01 9.529889090158392140e-01 1.000000000000000000e+00
9.798994974874369879e-02 5.903366919365283794e-01 9.505674893877829046e-01 1.000000000000000000e+00
8.793969849246230375e-02 6.030051071796145301e-01 9.480868435005095352e-01 1.000000000000000000e+00
7.788944723618090871e-02 6.155232409081792255e-01 9.455471259136670747e-01 1.000000000000000000e+00
6.783919597989951367e-02 6.278879733408583297e-01 9.429484948674370370e-01 1.000000000000000000e+00
5.778894472361806312e-02 6.400962229271072168e-01 9.402911122726755888e-01 1.000000000000000000e+00
4.773869346733666807e-02 6.521449471151865573e-01 9.375751437008250644e-01 1.000000000000000000e+00
3.768844221105527303e-02 6.640311431104312101e-01 9.348007583735983284e-01 1.000000000000000000e+00
2.763819095477387799e-02 6.757518486236087085e-01 9.319681291524348765e-01 1.000000000000000000e+00
1.758793969849248295e-02 6.873041426091842654e-01 9.290774325277305623e-01 1.000000000000000000e+00
7.537688442211032402e-03 6.986851459933065556e-01 9.261288486078411708e-01 1.000000000000000000e+00
2.512562814070307127e-03 7.098920223913327554e-01 9.231225611078607285e-01 1.000000000000000000e+00
1.256281407035175768e-02 7.209219788147164243e-01 9.200587573381745488e-01 1.000000000000000000e+00
2.261306532663320823e-02 7.317722663670768180e-01 9.169376281927887895e-01 1.000000000000000000e+00
3.266331658291454776e-02 7.424401809292831000e-01 9.137593681374367449e-01 1.000000000000000000e+00
4.271356783919599831e-02 7.529230638333770376e-01 9.105241751974622044e-01 1.000000000000000000e+00
5.276381909547744886e-02 7.632183025251685349e-01 9.072322509454813222e-01 1.000000000000000000e+00
6.281407035175878839e-02 7.733233312153390271e-01 9.038838004888235522e-01 1.000000000000000000e+00
7.286432160804023894e-02 7.832356315188904183e-01 9.004790324567516491e-01 1.000000000000000000e+00
8.291457286432157847e-02 7.929527330827785825e-01 8.970181589874635097e-01 1.000000000000000000e+00
9.296482412060302902e-02 8.024722142015779935e-01 8.935013957148740804e-01 1.000000000000000000e+00
1.030150753768844796e-01 8.117917024210208332e-01 8.899289617551802145e-01 1.000000000000000000e+00
1.130653266331658191e-01 8.209088751292625830e-01 8.863010796932085933e-01 1.000000000000000000e+00
1.231155778894472697e-01 8.298214601357258857e-01 8.826179755685469308e-01 1.000000000000000000e+00
1.331658291457286092e-01 8.385272362373773491e-01 8.788798788614603508e-01 1.000000000000000000e+00
1.432160804020100597e-01 8.470240337722988455e-01 8.750870224785937124e-01 1.000000000000000000e+00
1.532663316582915103e-01 8.553097351604118659e-01 8.712396427384595521e-01 1.000000000000000000e+00
1.633165829145728498e-01 8.633822754312232561e-01 8.673379793567146390e-01 1.000000000000000000e+00
1.733668341708543004e-01 8.712396427384596631e-01 8.633822754312233672e-01 1.000000000000000000e+00
1.834170854271356399e-01 8.788798788614602397e-01 8.593727774269119823e-01 1.000000000000000000e+00
1.934673366834170904e-01 8.863010796932085933e-01 8.553097351604118659e-01 1.000000000000000000e+00
2.035175879396985410e-01 8.935013957148740804e-01 8.511934017844946521e-01 1.000000000000000000e+00
2.135678391959798805e-01 9.004790324567516491e-01 8.470240337722989565e-01 1.000000000000000000e+00
2.236180904522613311e-01 9.072322509454814332e-01 8.428018909013506033e-01 1.000000000000000000e+00
2.336683417085426706e-01 9.137593681374366339e-01 8.385272362373774602e-01 1.000000000000000000e+00
2.437185929648241212e-01 9.200587573381745488e-01 8.342003361179175513e-01 1.000000000000000000e+00
2.537688442211055717e-01 9.261288486078411708e-01 8.298214601357258857e-01 1.000000000000000000e+00
2.638190954773869112e-01 9.319681291524347655e-01 8.253908811219762276e-01 1.000000000000000000e+00
2.738693467336683618e-01 9.375751437008250644e-01 8.209088751292625830e-01 1.000000000000000000e+00
2.839195979899498123e-01 9.429484948674370370e-01 8.163757214143990693e-01 1.000000000000000000e+00
2.939698492462311519e-01 9.480868435005095352e-01 8.117917024210207222e-01 1.000000000000000000e+00
3.040201005025126024e-01 9.529889090158392140e-01 8.071571037619853506e-01 1.000000000000000000e+00
3.140703517587939420e-01 9.576534697159294618e-01 8.024722142015779935e-01 1.000000000000000000e+00
3.241206030150753925e-01 9.620793630944628472e-01 7.977373256375193122e-01 1.000000000000000000e+00
3.341708542713568431e-01 9.662654861260218109e-01 7.929527330827785825e-01 1.000000000000000000e+00
3.442211055276381826e-01 9.702107955409863260e-01 7.881187346471923982e-01 1.000000000000000000e+00
3.542713567839196331e-01 9.739143080855378054e-01 7.832356315188904183e-01 1.000000000000000000e+00
3.643216080402009727e-01 9.773751007667071944e-01 7.783037279455299329e-01 1.000000000000000000e+00
3.743718592964824232e-01 9.805923110824040778e-01 7.733233312153391381e-01 1.000000000000000000e+00
3.844221105527638738e-01 9.835651372363699574e-01 7.682947516379706743e-01 1.000000000000000000e+00
3.944723618090452133e-01 9.862928383380026309e-01 7.632183025251685349e-01 1.000000000000000000e+00
4.045226130653266639e-01 9.887747345870026017e-01 7.580943001712455720e-01 1.000000000000000000e+00
4.145728643216080034e-01 9.910102074427921126e-01 7.529230638333770376e-01 1.000000000000000000e+00
4.246231155778894539e-01 9.929986997786696135e-01 7.477049157117091616e-01 1.000000000000000000e+00
4.346733668341709045e-01 9.947397160206570277e-01 7.424401809292831000e-01 1.000000000000000000e+00
4.447236180904522440e-01 9.962328222710067349e-01 7.371291875117790271e-01 1.000000000000000000e+00
4.547738693467336946e-01 9.974776464163387368e-01 7.317722663670767069e-01 1.000000000000000000e+00
4.648241206030150341e-01 9.984738782203788077e-01 7.263697512646394294e-01 1.000000000000000000e+00
4.748743718592964846e-01 9.992212694012756469e-01 7.209219788147164243e-01 1.000000000000000000e+00
4.849246231155779352e-01 9.997196336934779382e-01 7.154292884473711922e-01 1.000000000000000000e+00
4.949748743718592747e-01 9.999688468941563269e-01 7.098920223913329774e-01 1.000000000000000000e+00
5.050251256281406143e-01 9.999688468941563269e-01 7.043105256526722702e-01 1.000000000000000000e+00
5.150753768844220648e-01 9.997196336934779382e-01 6.986851459933065556e-01 1.000000000000000000e+00
5.251256281407035154e-01 9.992212694012756469e-01 6.930162339093317581e-01 1.000000000000000000e+00
5.351758793969849659e-01 9.984738782203788077e-01 6.873041426091842654e-01 1.000000000000000000e+00
5.452261306532664165e-01 9.974776464163387368e-01 6.815492279916337548e-01 1.000000000000000000e+00
5.552763819095476450e-01 9.962328222710067349e-01 6.757518486236088195e-01 1.000000000000000000e+00
5.653266331658290955e-01 9.947397160206570277e-01 6.699123657178552849e-01 1.000000000000000000e+00
5.753768844221105461e-01 9.929986997786696135e-01 6.640311431104312101e-01 1.000000000000000000e+00
5.854271356783919966e-01 9.910102074427921126e-01 6.581085472380376888e-01 1.000000000000000000e+00
5.954773869346734472e-01 9.887747345870026017e-01 6.521449471151865573e-01 1.000000000000000000e+00
6.055276381909548977e-01 9.862928383380027419e-01 6.461407143112096740e-01 1.000000000000000000e+00
6.155778894472361262e-01 9.835651372363699574e-01 6.400962229271072168e-01 1.000000000000000000e+00
6.256281407035175768e-01 9.805923110824040778e-01 6.340118495722386616e-01 1.000000000000000000e+00
6.356783919597990273e-01 9.773751007667071944e-01 6.278879733408584407e-01 1.000000000000000000e+00
6.457286432160804779e-01 9.739143080855376944e-01 6.217249757884951711e-01 1.000000000000000000e+00
6.557788944723619284e-01 9.702107955409862150e-01 6.155232409081792255e-01 1.000000000000000000e+00
6.658291457286431569e-01 9.662654861260219219e-01 6.092831551065167606e-01 1.000000000000000000e+00
6.758793969849246075e-01 9.620793630944628472e-01 6.030051071796145301e-01 1.000000000000000000e+00
6.859296482412060580e-01 9.576534697159295728e-01 5.966894882888559293e-01 1.000000000000000000e+00
6.959798994974875086e-01 9.529889090158392140e-01 5.903366919365283794e-01 1.000000000000000000e+00
7.060301507537689591e-01 9.480868435005095352e-01 5.839471139413061618e-01 1.000000000000000000e+00
7.160804020100501877e-01 9.429484948674371481e-01 5.775211524135887009e-01 1.000000000000000000e+00
7.261306532663316382e-01 9.375751437008250644e-01 5.710592077306947401e-01 1.000000000000000000e+00
7.361809045226130888e-01 9.319681291524348765e-01 5.645616825119180726e-01 1.000000000000000000e+00
7.462311557788945393e-01 9.261288486078411708e-01 5.580289815934401654e-01 1.000000000000000000e+00
7.562814070351759899e-01 9.200587573381744377e-01 5.514615120031074458e-01 1.000000000000000000e+00
7.663316582914572184e-01 9.137593681374367449e-01 5.448596829350704773e-01 1.000000000000000000e+00
7.763819095477386689e-01 9.072322509454814332e-01 5.382239057242886870e-01 1.000000000000000000e+00
7.864321608040201195e-01 9.004790324567516491e-01 5.315545938209014221e-01 1.000000000000000000e+00
7.964824120603015700e-01 8.935013957148739694e-01 5.248521627644682219e-01 1.000000000000000000e+00
8.065326633165830206e-01 8.863010796932087043e-01 5.181170301580774185e-01 1.000000000000000000e+00
8.165829145728642491e-01 8.788798788614605728e-01 5.113496156423268379e-01 1.000000000000000000e+00
8.266331658291456996e-01 8.712396427384596631e-01 5.045503408691774938e-01 1.000000000000000000e+00
8.366834170854271502e-01 8.633822754312233672e-01 4.977196294756831008e-01 1.000000000000000000e+00
8.467336683417086007e-01 8.553097351604117549e-01 4.908579070575936343e-01 1.000000000000000000e+00
8.567839195979900513e-01 8.470240337722989565e-01 4.839656011428387639e-01 1.000000000000000000e+00
8.668341708542712798e-01 8.385272362373775712e-01 4.770431411648897724e-01 1.000000000000000000e+00
8.768844221105527303e-01 8.298214601357258857e-01 4.700909584360030702e-01 1.000000000000000000e+00
8.869346733668341809e-01 8.209088751292625830e-01 4.631094861203478019e-01 1.000000000000000000e+00
8.969849246231156314e-01 8.117917024210206112e-01 4.560991592070158807e-01 1.000000000000000000e+00
9.070351758793970820e-01 8.024722142015779935e-01 4.490604144829201672e-01 1.000000000000000000e+00
9.170854271356783105e-01 7.929527330827788045e-01 4.419936905055792953e-01 1.000000000000000000e+00
9.271356783919597611e-01 7.832356315188905294e-01 4.348994275757930850e-01 1.000000000000000000e+00
9.371859296482412116e-01 7.733233312153390271e-01 4.277780677102095974e-01 1.000000000000000000e+00
9.472361809045226622e-01 7.632183025251684239e-01 4.206300546137841656e-01 1.000000000000000000e+00
9.572864321608041127e-01 7.529230638333770376e-01 4.134558336521341193e-01 1.000000000000000000e+00
9.673366834170853412e-01 7.424401809292833221e-01 4.062558518237891492e-01 1.000000000000000000e+00
9.773869346733667918e-01 7.317722663670768180e-01 3.990305577323410291e-01 1.000000000000000000e+00
9.874371859296482423e-01 7.209219788147163133e-01 3.917804015584931410e-01 1.000000000000000000e+00
9.974874371859296929e-01 7.098920223913327554e-01 3.845058350320107454e-01 1.000000000000000000e+00
1.000000000000000000e+00 6.986851459933065556e-01 3.772073114035760510e-01 1.000000000000000000e+00
1.000000000000000000e+00 6.873041426091841544e-01 3.698852854165468051e-01 1.000000000000000000e+00
1.000000000000000000e+00 6.757518486236088195e-01 3.625402132786245679e-01 1.000000000000000000e+00
1.000000000000000000e+00 6.640311431104312101e-01 3.551725526334283956e-01 1.000000000000000000e+00
1.000000000000000000e+00 6.521449471151867794e-01 3.477827625319824811e-01 1.000000000000000000e+00
1.000000000000000000e+00 6.400962229271072168e-01 3.403713034041128682e-01 1.000000000000000000e+00
1.000000000000000000e+00 6.278879733408583297e-01 3.329386370297610642e-01 1.000000000000000000e+00
1.000000000000000000e+00 6.155232409081793366e-01 3.254852265102117781e-01 1.000000000000000000e+00
1.000000000000000000e+00 6.030051071796145301e-01 3.180115362392382239e-01 1.000000000000000000e+00
1.000000000000000000e+00 5.903366919365286014e-01 3.105180318741689316e-01 1.000000000000000000e+00
1.000000000000000000e+00 5.775211524135885899e-01 3.030051803068727345e-01 1.000000000000000000e+00
1.000000000000000000e+00 5.645616825119179616e-01 2.954734496346699824e-01 1.000000000000000000e+00
1.000000000000000000e+00 5.514615120031075568e-01 2.879233091311665382e-01 1.000000000000000000e+00
1.000000000000000000e+00 5.382239057242884650e-01 2.803552292170143900e-01 1.000000000000000000e+00
1.000000000000000000e+00 5.248521627644684440e-01 2.727696814306032058e-01 1.000000000000000000e+00
1.000000000000000000e+00 5.113496156423267269e-01 2.651671383986786701e-01 1.000000000000000000e+00
1.000000000000000000e+00 4.977196294756829897e-01 2.575480738068965936e-01 1.000000000000000000e+00
1.000000000000000000e+00 4.839656011428388194e-01 2.499129623703084113e-01 1.000000000000000000e+00
1.000000000000000000e+00 4.700909584360029592e-01 2.422622798037831759e-01 1.000000000000000000e+00
1.000000000000000000e+00 4.560991592070161582e-01 2.345965027923688218e-01 1.000000000000000000e+00
1.000000000000000000e+00 4.419936905055791287e-01 2.269161089615901461e-01 1.000000000000000000e+00
1.000000000000000000e+00 4.277780677102094309e-01 2.192215768476912519e-01 1.000000000000000000e+00
1.000000000000000000e+00 4.134558336521341748e-01 2.115133858678190648e-01 1.000000000000000000e+00
1.000000000000000000e+00 3.990305577323409181e-01 2.037920162901520615e-01 1.000000000000000000e+00
1.000000000000000000e+00 3.845058350320110230e-01 1.960579492039781213e-01 1.000000000000000000e+00
1.000000000000000000e+00 3.698852854165468607e-01 1.883116664897178660e-01 1.000000000000000000e+00
1.000000000000000000e+00 3.551725526334282290e-01 1.805536507889021203e-01 1.000000000000000000e+00
1.000000000000000000e+00 3.403713034041129237e-01 1.727843854740995777e-01 1.000000000000000000e+00
1.000000000000000000e+00 3.254852265102120557e-01 1.650043546187994481e-01 1.000000000000000000e+00
1.000000000000000000e+00 3.105180318741689871e-01 1.572140429672508610e-01 1.000000000000000000e+00
1.000000000000000000e+00 2.954734496346700379e-01 1.494139359042609416e-01 1.000000000000000000e+00
1.000000000000000000e+00 2.803552292170142235e-01 1.416045194249515304e-01 1.000000000000000000e+00
1.000000000000000000e+00 2.651671383986787256e-01 1.337862801044791550e-01 1.000000000000000000e+00
1.000000000000000000e+00 2.499129623703086889e-01 1.259597050677177255e-01 1.000000000000000000e+00
1.000000000000000000e+00 2.345965027923688773e-01 1.181252819589080488e-01 1.000000000000000000e+00
1.000000000000000000e+00 2.192215768476913074e-01 1.102834989112750214e-01 1.000000000000000000e+00
1.000000000000000000e+00 2.037920162901519228e-01 1.024348445166131938e-01 1.000000000000000000e+00
1.000000000000000000e+00 1.883116664897179215e-01 9.457980779484496947e-02 1.000000000000000000e+00
1.000000000000000000e+00 1.727843854740998553e-01 8.671887816355094980e-02 1.000000000000000000e+00
1.000000000000000000e+00 1.572140429672509165e-01 7.885254540747654861e-02 1.000000000000000000e+00
1.000000000000000000e+00 1.416045194249515859e-01 7.098129964801590253e-02 1.000000000000000000e+00
1.000000000000000000e+00 1.259597050677173369e-01 6.310563131267353520e-02 1.000000000000000000e+00
1.000000000000000000e+00 1.102834989112750769e-01 5.522603110450816782e-02 1.000000000000000000e+00
1.000000000000000000e+00 9.457980779484526090e-02 4.734298997155814148e-02 1.000000000000000000e+00
1.000000000000000000e+00 7.885254540747660412e-02 3.945699907625282304e-02 1.000000000000000000e+00
1.000000000000000000e+00 6.310563131267359072e-02 3.156854976481050096e-02 1.000000000000000000e+00
1.000000000000000000e+00 4.734298997155775984e-02 2.367813353662387779e-02 1.000000000000000000e+00
1.000000000000000000e+00 3.156854976481056341e-02 1.578624201363697938e-02 1.000000000000000000e+00
1.000000000000000000e+00 1.578624201363726387e-02 7.893366909713433674e-03 1.000000000000000000e+00
1.000000000000000000e+00 1.224646799147353207e-16 6.123233995736766036e-17 1.000000000000000000e+00
